P 11.8039955755 11.2157212798 0 37 3
P 9.31956732508 21.8088737532 1 100 5
P 14.2884238258 0.622568806433 2 100 5
P 11.8654926942 5.2737846552 0 81 3
P 11.7424984567 17.1576579045 0 81 3
P 4.25409258443 0.0 0 22 1
P 19.3538985665 22.4314425597 0 22 1
P 14.7436138612 22.3240014889 0 83 3
P 8.86437728973 0.107441070771 0 83 3
P 19.8543468498 0.711933891201 0 84 1
P 3.75364430115 21.7195086685 0 84 1
P 8.86481414847 9.73662367883 0 12 5
P 14.7431770024 12.6948188808 0 12 5
P 0.0 10.8098889721 0 59 2